[gd_scene load_steps=5 format=3 uid="uid://dpc4kyx6jvcev"]

[ext_resource type="PackedScene" uid="uid://nj4nkx55b7k4" path="res://assets/pokemon/gltf/dratini.gltf" id="1_sek0m"]

[sub_resource type="Animation" id="Animation_o767t"]
resource_name = "animation_dratini_blink"
length = 0.166667
tracks/0/type = "position_3d"
tracks/0/imported = true
tracks/0/enabled = true
tracks/0/path = NodePath("Node2/dratini/body/neck2/head2/eyes/eye_left2/eyelid_left2")
tracks/0/interp = 1
tracks/0/loop_wrap = true
tracks/0/keys = PackedFloat32Array(0, 1, 5.20417e-18, 0, 5.20417e-18, 0.1, 1, 5.20417e-18, 0, 5.20417e-18, 0.133333, 1, 0.00125, 0, 0.00125, 0.166667, 1, 0.00625, 0, 0.00625)
tracks/1/type = "position_3d"
tracks/1/imported = true
tracks/1/enabled = true
tracks/1/path = NodePath("Node2/dratini/body/neck2/head2/eyes/eye_right/eyelid_right2")
tracks/1/interp = 1
tracks/1/loop_wrap = true
tracks/1/keys = PackedFloat32Array(0, 1, -5.20417e-18, 0, 5.20417e-18, 0.1, 1, -5.20417e-18, 0, 5.20417e-18, 0.133333, 1, -0.00125, 0, 0.00125, 0.166667, 1, -0.00625, 0, 0.00625)
tracks/2/type = "position_3d"
tracks/2/imported = true
tracks/2/enabled = true
tracks/2/path = NodePath("Node2/dratini/body")
tracks/2/interp = 1
tracks/2/loop_wrap = true
tracks/2/keys = PackedFloat32Array(0, 1, 0, 0.5625, 0)
tracks/3/type = "rotation_3d"
tracks/3/imported = true
tracks/3/enabled = true
tracks/3/path = NodePath("Node2/dratini/body/neck2/head2")
tracks/3/interp = 1
tracks/3/loop_wrap = true
tracks/3/keys = PackedFloat32Array(0, 1, 0, 0, 0, 1)
tracks/4/type = "rotation_3d"
tracks/4/imported = true
tracks/4/enabled = true
tracks/4/path = NodePath("Node2/dratini/body/segment12")
tracks/4/interp = 1
tracks/4/loop_wrap = true
tracks/4/keys = PackedFloat32Array(0, 1, 0, 0, 0, 1)
tracks/5/type = "rotation_3d"
tracks/5/imported = true
tracks/5/enabled = true
tracks/5/path = NodePath("Node2/dratini/body/segment12/segment22")
tracks/5/interp = 1
tracks/5/loop_wrap = true
tracks/5/keys = PackedFloat32Array(0, 1, -1.52656e-16, 0, 0, 1)
tracks/6/type = "rotation_3d"
tracks/6/imported = true
tracks/6/enabled = true
tracks/6/path = NodePath("Node2/dratini/body/segment12/segment22/segment32")
tracks/6/interp = 1
tracks/6/loop_wrap = true
tracks/6/keys = PackedFloat32Array(0, 1, -1.94289e-16, 0, 0, 1)
tracks/7/type = "rotation_3d"
tracks/7/imported = true
tracks/7/enabled = true
tracks/7/path = NodePath("Node2/dratini/body/segment12/segment22/segment32/segment42")
tracks/7/interp = 1
tracks/7/loop_wrap = true
tracks/7/keys = PackedFloat32Array(0, 1, 2.08167e-17, 0, 0, 1)
tracks/8/type = "rotation_3d"
tracks/8/imported = true
tracks/8/enabled = true
tracks/8/path = NodePath("Node2/dratini/body/segment12/segment22/segment32/segment42/segment52")
tracks/8/interp = 1
tracks/8/loop_wrap = true
tracks/8/keys = PackedFloat32Array(0, 1, 3.46945e-18, 0, 0, 1)
tracks/9/type = "rotation_3d"
tracks/9/imported = true
tracks/9/enabled = true
tracks/9/path = NodePath("Node2/dratini/body/segment12/segment22/segment32/segment42/segment52/segment62")
tracks/9/interp = 1
tracks/9/loop_wrap = true
tracks/9/keys = PackedFloat32Array(0, 1, -4.93038e-32, 0, 0, 1)
tracks/10/type = "rotation_3d"
tracks/10/imported = true
tracks/10/enabled = true
tracks/10/path = NodePath("Node2/dratini/body/segment12/segment22/segment32/segment42/segment52/segment62/segment72")
tracks/10/interp = 1
tracks/10/loop_wrap = true
tracks/10/keys = PackedFloat32Array(0, 1, -1.73472e-17, 0, 0, 1)
tracks/11/type = "rotation_3d"
tracks/11/imported = true
tracks/11/enabled = true
tracks/11/path = NodePath("Node2/dratini/body/segment12/segment22/segment32/segment42/segment52/segment62/segment72/segment82")
tracks/11/interp = 1
tracks/11/loop_wrap = true
tracks/11/keys = PackedFloat32Array(0, 1, -1.04083e-17, 0, 0, 1)

[sub_resource type="Animation" id="Animation_7312r"]
resource_name = "animation_dratini_ground_idle"
length = 0.001
loop_mode = 1
tracks/0/type = "position_3d"
tracks/0/imported = true
tracks/0/enabled = true
tracks/0/path = NodePath("Node2/dratini/body")
tracks/0/interp = 1
tracks/0/loop_wrap = true
tracks/0/keys = PackedFloat32Array(0, 1, 0, 0.625, 0)
tracks/1/type = "rotation_3d"
tracks/1/imported = true
tracks/1/enabled = true
tracks/1/path = NodePath("Node2/dratini/body/neck2/head2")
tracks/1/interp = 1
tracks/1/loop_wrap = true
tracks/1/keys = PackedFloat32Array(0, 1, -0.0871557, 0, 0, 0.996195)
tracks/2/type = "rotation_3d"
tracks/2/imported = true
tracks/2/enabled = true
tracks/2/path = NodePath("Node2/dratini/body/segment12")
tracks/2/interp = 1
tracks/2/loop_wrap = true
tracks/2/keys = PackedFloat32Array(0, 1, -0.315263, -0.184737, -0.0627099, 0.928735)
tracks/3/type = "rotation_3d"
tracks/3/imported = true
tracks/3/enabled = true
tracks/3/path = NodePath("Node2/dratini/body/segment12/segment22")
tracks/3/interp = 1
tracks/3/loop_wrap = true
tracks/3/keys = PackedFloat32Array(0, 1, -0.366733, 0.00751582, -0.0521563, 0.928833)
tracks/4/type = "rotation_3d"
tracks/4/imported = true
tracks/4/enabled = true
tracks/4/path = NodePath("Node2/dratini/body/segment12/segment22/segment32")
tracks/4/interp = 1
tracks/4/loop_wrap = true
tracks/4/keys = PackedFloat32Array(0, 1, -0.0814595, 0.00587688, 0.108284, 0.99076)
tracks/5/type = "rotation_3d"
tracks/5/imported = true
tracks/5/enabled = true
tracks/5/path = NodePath("Node2/dratini/body/segment12/segment22/segment32/segment42")
tracks/5/interp = 1
tracks/5/loop_wrap = true
tracks/5/keys = PackedFloat32Array(0, 1, -0.00701217, 0.00661985, 0.321958, 0.946705)
tracks/6/type = "rotation_3d"
tracks/6/imported = true
tracks/6/enabled = true
tracks/6/path = NodePath("Node2/dratini/body/segment12/segment22/segment32/segment42/segment52")
tracks/6/interp = 1
tracks/6/loop_wrap = true
tracks/6/keys = PackedFloat32Array(0, 1, -0.255873, 0.0280148, 0.370754, 0.892348)
tracks/7/type = "rotation_3d"
tracks/7/imported = true
tracks/7/enabled = true
tracks/7/path = NodePath("Node2/dratini/body/segment12/segment22/segment32/segment42/segment52/segment62")
tracks/7/interp = 1
tracks/7/loop_wrap = true
tracks/7/keys = PackedFloat32Array(0, 1, -0.0118205, -0.106723, 0.344141, 0.932758)
tracks/8/type = "rotation_3d"
tracks/8/imported = true
tracks/8/enabled = true
tracks/8/path = NodePath("Node2/dratini/body/segment12/segment22/segment32/segment42/segment52/segment62/segment72")
tracks/8/interp = 1
tracks/8/loop_wrap = true
tracks/8/keys = PackedFloat32Array(0, 1, -0.216014, -0.0623631, 0.356732, 0.906748)
tracks/9/type = "rotation_3d"
tracks/9/imported = true
tracks/9/enabled = true
tracks/9/path = NodePath("Node2/dratini/body/segment12/segment22/segment32/segment42/segment52/segment62/segment72/segment82")
tracks/9/interp = 1
tracks/9/loop_wrap = true
tracks/9/keys = PackedFloat32Array(0, 1, -0.300706, 0, 0, 0.953717)
tracks/10/type = "position_3d"
tracks/10/imported = true
tracks/10/enabled = true
tracks/10/path = NodePath("Node2/dratini/body/neck2/head2/eyes/eye_left2/eyelid_left2")
tracks/10/interp = 1
tracks/10/loop_wrap = true
tracks/10/keys = PackedFloat32Array(0, 1, 0.00625, 0, 0.00625)
tracks/11/type = "position_3d"
tracks/11/imported = true
tracks/11/enabled = true
tracks/11/path = NodePath("Node2/dratini/body/neck2/head2/eyes/eye_right/eyelid_right2")
tracks/11/interp = 1
tracks/11/loop_wrap = true
tracks/11/keys = PackedFloat32Array(0, 1, -0.00625, 0, 0.00625)

[sub_resource type="AnimationLibrary" id="AnimationLibrary_vxm28"]
_data = {
"animation_dratini_blink": SubResource("Animation_o767t"),
"animation_dratini_ground_idle": SubResource("Animation_7312r")
}

[node name="dratini" instance=ExtResource("1_sek0m")]

[node name="body" parent="Node2/dratini" index="0"]
transform = Transform3D(1, 0, 0, 0, 1, 0, 0, 0, 1, 0, 0.625, 0)

[node name="head2" parent="Node2/dratini/body/neck2" index="1"]
transform = Transform3D(1, 0, 0, 0, 0.984808, 0.173648, 0, -0.173648, 0.984808, 0, 0.53125, -0.015625)

[node name="segment12" parent="Node2/dratini/body" index="1"]
transform = Transform3D(0.92388, 0.232963, -0.303603, -3.72529e-07, 0.793353, 0.608761, 0.382683, -0.562422, 0.732963, 0, 0, 0)

[node name="segment22" parent="Node2/dratini/body/segment12" index="1"]
transform = Transform3D(0.994447, 0.0913763, 0.0522167, -0.102402, 0.725574, 0.680483, 0.024293, -0.682051, 0.730901, 0, -0.5, 0)

[node name="segment32" parent="Node2/dratini/body/segment12/segment22" index="1"]
transform = Transform3D(0.97648, -0.215523, -0.00599629, 0.213608, 0.963278, 0.162686, -0.0292866, -0.160141, 0.98666, 0, -0.4375, 0)

[node name="segment42" parent="Node2/dratini/body/segment12/segment22/segment32" index="1"]
transform = Transform3D(0.792598, -0.609692, 0.00801885, 0.609506, 0.792588, 0.0175395, -0.0170493, -0.00901427, 0.999814, 0, -0.4375, 0)

[node name="segment52" parent="Node2/dratini/body/segment12/segment22/segment32/segment42" index="1"]
transform = Transform3D(0.723513, -0.67602, -0.139734, 0.647347, 0.594141, 0.477429, -0.23973, -0.435882, 0.867489, 0, -0.375, 0)

[node name="segment62" parent="Node2/dratini/body/segment12/segment22/segment32/segment42/segment52" index="1"]
transform = Transform3D(0.740354, -0.639478, -0.207229, 0.644524, 0.762854, -0.0514042, 0.190958, -0.095507, 0.976941, 0, -0.375, 0)

[node name="segment72" parent="Node2/dratini/body/segment12/segment22/segment32/segment42/segment52/segment62" index="1"]
transform = Transform3D(0.737706, -0.61999, -0.267213, 0.673875, 0.65216, 0.347246, -0.0410229, -0.436233, 0.898898, 0, -0.375, 0)

[node name="segment82" parent="Node2/dratini/body/segment12/segment22/segment32/segment42/segment52/segment62/segment72" index="1"]
transform = Transform3D(1, 0, 0, 0, 0.819152, 0.573576, 0, -0.573576, 0.819152, 0, -0.3125, 0)

[node name="AnimationPlayer" parent="." index="1"]
libraries = {
"": SubResource("AnimationLibrary_vxm28")
}
