[gd_scene load_steps=4 format=3 uid="uid://dl8osw21q83ss"]

[ext_resource type="PackedScene" uid="uid://dv7yil0quo7sl" path="res://assets/pokemon/gltf/marowak.gltf" id="1_7ffku"]

[sub_resource type="Animation" id="Animation_2nhwy"]
resource_name = "animation_marowak_ground_idle"
length = 0.001
loop_mode = 1
tracks/0/type = "rotation_3d"
tracks/0/imported = true
tracks/0/enabled = true
tracks/0/path = NodePath("Node2/marowak/body/leftarm")
tracks/0/interp = 1
tracks/0/loop_wrap = true
tracks/0/keys = PackedFloat32Array(0, 1, -0.572049, -0.208209, 0.271343, 0.745508)
tracks/1/type = "rotation_3d"
tracks/1/imported = true
tracks/1/enabled = true
tracks/1/path = NodePath("Node2/marowak/body/leftarm/leftforearm")
tracks/1/interp = 1
tracks/1/loop_wrap = true
tracks/1/keys = PackedFloat32Array(0, 1, 0, -0.382683, 0, 0.92388)
tracks/2/type = "rotation_3d"
tracks/2/imported = true
tracks/2/enabled = true
tracks/2/path = NodePath("Node2/marowak/body/rightarm")
tracks/2/interp = 1
tracks/2/loop_wrap = true
tracks/2/keys = PackedFloat32Array(0, 1, -0.572049, 0.208209, -0.271343, 0.745508)
tracks/3/type = "rotation_3d"
tracks/3/imported = true
tracks/3/enabled = true
tracks/3/path = NodePath("Node2/marowak/body/rightarm/rightforearm")
tracks/3/interp = 1
tracks/3/loop_wrap = true
tracks/3/keys = PackedFloat32Array(0, 1, 0, 0.382683, 0, 0.92388)
tracks/4/type = "rotation_3d"
tracks/4/imported = true
tracks/4/enabled = true
tracks/4/path = NodePath("Node2/marowak/body/tail")
tracks/4/interp = 1
tracks/4/loop_wrap = true
tracks/4/keys = PackedFloat32Array(0, 1, 0.130526, 0, 0, 0.991445)
tracks/5/type = "rotation_3d"
tracks/5/imported = true
tracks/5/enabled = true
tracks/5/path = NodePath("Node2/marowak/body/tail/tail2")
tracks/5/interp = 1
tracks/5/loop_wrap = true
tracks/5/keys = PackedFloat32Array(0, 1, -0.0871557, 0, 0, 0.996195)

[sub_resource type="AnimationLibrary" id="AnimationLibrary_f0yry"]
_data = {
"animation_marowak_ground_idle": SubResource("Animation_2nhwy")
}

[node name="marowak" instance=ExtResource("1_7ffku")]

[node name="leftarm" parent="Node2/marowak/body" index="2"]
transform = Transform3D(0.766044, -0.166366, -0.620885, 0.642788, 0.198267, 0.739942, -1.49012e-07, -0.965926, 0.258819, -0.25, 0.21875, -0.015625)

[node name="leftforearm" parent="Node2/marowak/body/leftarm" index="1"]
transform = Transform3D(0.707107, 0, -0.707107, 0, 1, 0, 0.707107, 0, 0.707107, -0.25, 0, 0.0625)

[node name="rightarm" parent="Node2/marowak/body" index="3"]
transform = Transform3D(0.766044, 0.166366, 0.620885, -0.642788, 0.198267, 0.739942, 1.49012e-07, -0.965926, 0.258819, 0.25, 0.21875, -0.015625)

[node name="rightforearm" parent="Node2/marowak/body/rightarm" index="1"]
transform = Transform3D(0.707107, 0, 0.707107, 0, 1, 0, -0.707107, 0, 0.707107, 0.25, 0, 0.0625)

[node name="tail" parent="Node2/marowak/body" index="4"]
transform = Transform3D(1, 0, 0, 0, 0.965926, -0.258819, 0, 0.258819, 0.965926, 0, -0.1875, 0.1875)

[node name="tail2" parent="Node2/marowak/body/tail" index="1"]
transform = Transform3D(1, 0, 0, 0, 0.984808, 0.173648, 0, -0.173648, 0.984808, 0, -0.09375, 0.3125)

[node name="AnimationPlayer" parent="." index="1"]
libraries = {
"": SubResource("AnimationLibrary_f0yry")
}
