[gd_scene load_steps=4 format=3 uid="uid://dm0dpbl2hvemb"]

[ext_resource type="PackedScene" uid="uid://trdami4370cj" path="res://assets/pokemon/gltf/nidoranf.gltf" id="1_w5t40"]

[sub_resource type="Animation" id="Animation_mlnys"]
resource_name = "animation_nidoranf_sleep"
length = 0.001
tracks/0/type = "position_3d"
tracks/0/imported = true
tracks/0/enabled = true
tracks/0/path = NodePath("Node2/nidoran_f/body")
tracks/0/interp = 1
tracks/0/loop_wrap = true
tracks/0/keys = PackedFloat32Array(0, 1, 0, 0.203125, 0.03125)
tracks/1/type = "rotation_3d"
tracks/1/imported = true
tracks/1/enabled = true
tracks/1/path = NodePath("Node2/nidoran_f/body")
tracks/1/interp = 1
tracks/1/loop_wrap = true
tracks/1/keys = PackedFloat32Array(0, 1, -0.0436194, 0, 0, 0.999048)
tracks/2/type = "rotation_3d"
tracks/2/imported = true
tracks/2/enabled = true
tracks/2/path = NodePath("Node2/nidoran_f/body/head2")
tracks/2/interp = 1
tracks/2/loop_wrap = true
tracks/2/keys = PackedFloat32Array(0, 1, -0.0926034, -0.0896532, 0.104766, 0.986109)
tracks/3/type = "position_3d"
tracks/3/imported = true
tracks/3/enabled = true
tracks/3/path = NodePath("Node2/nidoran_f/body/head2/eyes/eyelid_right2")
tracks/3/interp = 1
tracks/3/loop_wrap = true
tracks/3/keys = PackedFloat32Array(0, 1, 0.15625, 0, 0)
tracks/4/type = "position_3d"
tracks/4/imported = true
tracks/4/enabled = true
tracks/4/path = NodePath("Node2/nidoran_f/body/head2/eyes/eyelid_left2")
tracks/4/interp = 1
tracks/4/loop_wrap = true
tracks/4/keys = PackedFloat32Array(0, 1, -0.15625, 0, 0)
tracks/5/type = "rotation_3d"
tracks/5/imported = true
tracks/5/enabled = true
tracks/5/path = NodePath("Node2/nidoran_f/body/head2/ear_left")
tracks/5/interp = 1
tracks/5/loop_wrap = true
tracks/5/keys = PackedFloat32Array(0, 1, 0.39574, -0.258233, 0.429263, 0.7697)
tracks/6/type = "rotation_3d"
tracks/6/imported = true
tracks/6/enabled = true
tracks/6/path = NodePath("Node2/nidoran_f/body/head2/ear_right")
tracks/6/interp = 1
tracks/6/loop_wrap = true
tracks/6/keys = PackedFloat32Array(0, 1, 0.39574, 0.258233, -0.429263, 0.7697)
tracks/7/type = "rotation_3d"
tracks/7/imported = true
tracks/7/enabled = true
tracks/7/path = NodePath("Node2/nidoran_f/body/head2/whisker_top_left2")
tracks/7/interp = 1
tracks/7/loop_wrap = true
tracks/7/keys = PackedFloat32Array(0, 1, -0.0283519, 0.218556, -0.0543713, 0.973896)
tracks/8/type = "rotation_3d"
tracks/8/imported = true
tracks/8/enabled = true
tracks/8/path = NodePath("Node2/nidoran_f/body/head2/whisker_bottom_left2")
tracks/8/interp = 1
tracks/8/loop_wrap = true
tracks/8/keys = PackedFloat32Array(0, 1, -0.0423693, 0.23746, 0.0103677, 0.970418)
tracks/9/type = "rotation_3d"
tracks/9/imported = true
tracks/9/enabled = true
tracks/9/path = NodePath("Node2/nidoran_f/body/head2/whisker_top_right2")
tracks/9/interp = 1
tracks/9/loop_wrap = true
tracks/9/keys = PackedFloat32Array(0, 1, -0.0283519, -0.218556, 0.0543713, 0.973896)
tracks/10/type = "rotation_3d"
tracks/10/imported = true
tracks/10/enabled = true
tracks/10/path = NodePath("Node2/nidoran_f/body/head2/whisker_bottom_right2")
tracks/10/interp = 1
tracks/10/loop_wrap = true
tracks/10/keys = PackedFloat32Array(0, 1, -0.0423693, -0.23746, -0.0103677, 0.970418)
tracks/11/type = "position_3d"
tracks/11/imported = true
tracks/11/enabled = true
tracks/11/path = NodePath("Node2/nidoran_f/body/leg_front_right2")
tracks/11/interp = 1
tracks/11/loop_wrap = true
tracks/11/keys = PackedFloat32Array(0, 1, 0.15625, -0.015625, -0.21875)
tracks/12/type = "rotation_3d"
tracks/12/imported = true
tracks/12/enabled = true
tracks/12/path = NodePath("Node2/nidoran_f/body/leg_front_right2")
tracks/12/interp = 1
tracks/12/loop_wrap = true
tracks/12/keys = PackedFloat32Array(0, 1, 0.600365, -0.23575, 0.0621468, 0.761657)
tracks/13/type = "position_3d"
tracks/13/imported = true
tracks/13/enabled = true
tracks/13/path = NodePath("Node2/nidoran_f/body/leg_front_left2")
tracks/13/interp = 1
tracks/13/loop_wrap = true
tracks/13/keys = PackedFloat32Array(0, 1, -0.15625, -0.015625, -0.21875)
tracks/14/type = "rotation_3d"
tracks/14/imported = true
tracks/14/enabled = true
tracks/14/path = NodePath("Node2/nidoran_f/body/leg_front_left2")
tracks/14/interp = 1
tracks/14/loop_wrap = true
tracks/14/keys = PackedFloat32Array(0, 1, 0.574141, 0.0731324, -0.0285586, 0.814984)
tracks/15/type = "rotation_3d"
tracks/15/imported = true
tracks/15/enabled = true
tracks/15/path = NodePath("Node2/nidoran_f/body/leg_back_right2")
tracks/15/interp = 1
tracks/15/loop_wrap = true
tracks/15/keys = PackedFloat32Array(0, 1, -0.463064, -0.0658178, 0.20631, 0.859463)
tracks/16/type = "rotation_3d"
tracks/16/imported = true
tracks/16/enabled = true
tracks/16/path = NodePath("Node2/nidoran_f/body/leg_back_right2/foot_right2")
tracks/16/interp = 1
tracks/16/loop_wrap = true
tracks/16/keys = PackedFloat32Array(0, 1, -0.257834, -0.084186, 0.0225576, 0.96225)
tracks/17/type = "rotation_3d"
tracks/17/imported = true
tracks/17/enabled = true
tracks/17/path = NodePath("Node2/nidoran_f/body/leg_back_left2")
tracks/17/interp = 1
tracks/17/loop_wrap = true
tracks/17/keys = PackedFloat32Array(0, 1, -0.430275, 0.0485745, -0.105465, 0.895199)
tracks/18/type = "rotation_3d"
tracks/18/imported = true
tracks/18/enabled = true
tracks/18/path = NodePath("Node2/nidoran_f/body/leg_back_left2/foot_left2")
tracks/18/interp = 1
tracks/18/loop_wrap = true
tracks/18/keys = PackedFloat32Array(0, 1, -0.30042, 0.0416005, -0.0131166, 0.952809)

[sub_resource type="AnimationLibrary" id="AnimationLibrary_kqdvg"]
_data = {
"animation_nidoranf_sleep": SubResource("Animation_mlnys")
}

[node name="nidoranf" instance=ExtResource("1_w5t40")]

[node name="body" parent="Node2/nidoran_f" index="0"]
transform = Transform3D(1, 0, 0, 0, 0.996195, 0.0871557, 0, -0.0871557, 0.996195, 0, 0.203125, 0.03125)

[node name="head2" parent="Node2/nidoran_f/body" index="3"]
transform = Transform3D(0.961973, -0.190018, -0.196219, 0.223226, 0.960897, 0.163849, 0.157412, -0.201419, 0.966774, 0, 0.140625, -0.203125)

[node name="eyelid_right2" parent="Node2/nidoran_f/body/head2/eyes" index="2"]
transform = Transform3D(1, 0, 0, 0, 1, 0, 0, 0, 1, 0.15625, 0, 0)

[node name="eyelid_left2" parent="Node2/nidoran_f/body/head2/eyes" index="3"]
transform = Transform3D(1, 0, 0, 0, 1, 0, 0, 0, 1, -0.15625, 0, 0)

[node name="ear_left" parent="Node2/nidoran_f/body/head2" index="5"]
transform = Transform3D(0.498097, -0.865194, -0.0577703, 0.456422, 0.318245, -0.830902, 0.737277, 0.387503, 0.553411, -0.1875, 0.203125, 0)

[node name="ear_right" parent="Node2/nidoran_f/body/head2" index="6"]
transform = Transform3D(0.498097, 0.865194, 0.0577703, -0.456422, 0.318245, -0.830902, -0.737277, 0.387503, 0.553411, 0.1875, 0.203125, 0)

[node name="whisker_top_left2" parent="Node2/nidoran_f/body/head2" index="7"]
transform = Transform3D(0.898554, 0.093511, 0.428784, -0.118297, 0.99248, 0.0314573, -0.422618, -0.0789899, 0.902859, -0.1875, 0.0625, -0.234375)

[node name="whisker_bottom_left2" parent="Node2/nidoran_f/body/head2" index="8"]
transform = Transform3D(0.887011, -0.040244, 0.459992, -1.86265e-09, 0.996195, 0.0871557, -0.461749, -0.0773081, 0.883635, -0.1875, -0.015625, -0.21875)

[node name="whisker_top_right2" parent="Node2/nidoran_f/body/head2" index="9"]
transform = Transform3D(0.898554, -0.093511, -0.428784, 0.118297, 0.99248, 0.0314573, 0.422618, -0.0789899, 0.902859, 0.1875, 0.0625, -0.234375)

[node name="whisker_bottom_right2" parent="Node2/nidoran_f/body/head2" index="10"]
transform = Transform3D(0.887011, 0.040244, -0.459992, 1.86265e-09, 0.996195, 0.0871557, 0.461749, -0.0773081, 0.883635, 0.1875, -0.015625, -0.21875)

[node name="leg_front_right2" parent="Node2/nidoran_f/body" index="4"]
transform = Transform3D(0.88112, -0.377741, -0.2845, -0.188403, 0.2714, -0.943847, 0.433743, 0.885242, 0.167968, 0.15625, -0.015625, -0.21875)

[node name="leg_front_left2" parent="Node2/nidoran_f/body" index="5"]
transform = Transform3D(0.987672, 0.130526, 0.0864101, 0.0374269, 0.339094, -0.940008, -0.151997, 0.931653, 0.330029, -0.15625, -0.015625, -0.21875)

[node name="leg_back_right2" parent="Node2/nidoran_f/body" index="6"]
transform = Transform3D(0.906209, -0.293675, -0.304205, 0.415586, 0.486016, 0.768815, -0.0779331, -0.82313, 0.562479, 0.15625, -0.03125, 0.15625)

[node name="foot_right2" parent="Node2/nidoran_f/body/leg_back_right2" index="1"]
transform = Transform3D(0.984808, 0, -0.173648, 0.0868241, 0.866025, 0.492404, 0.150384, -0.5, 0.852869, 0, -0.1875, 0.0625)

[node name="leg_back_left2" parent="Node2/nidoran_f/body" index="7"]
transform = Transform3D(0.973035, 0.147023, 0.177725, -0.230624, 0.607481, 0.760118, 0.0037899, -0.780609, 0.625008, -0.15625, -0.03125, 0.15625)

[node name="foot_left2" parent="Node2/nidoran_f/body/leg_back_left2" index="1"]
transform = Transform3D(0.996195, -7.45058e-09, 0.0871557, -0.0499905, 0.819152, 0.571394, -0.0713938, -0.573576, 0.816035, 0, -0.1875, 0.0625)

[node name="AnimationPlayer" parent="." index="1"]
libraries = {
"": SubResource("AnimationLibrary_kqdvg")
}
