[gd_scene load_steps=5 format=3 uid="uid://poey3hvym5is"]

[ext_resource type="PackedScene" uid="uid://bjvfp3co1gk21" path="res://assets/pokemon/gltf/spearow.gltf" id="1_22d6x"]

[sub_resource type="Animation" id="Animation_y6ghr"]
resource_name = "animation_spearow_blink"
length = 0.1667
tracks/0/type = "position_3d"
tracks/0/imported = true
tracks/0/enabled = true
tracks/0/path = NodePath("Node2/spearow/body/torso/neck2/head_ai/head15/eye_right/eyelid_right2")
tracks/0/interp = 1
tracks/0/loop_wrap = true
tracks/0/keys = PackedFloat32Array(0, 1, 0.094375, 0.671875, -0.219375, 0.1, 1, 0.094375, 0.671875, -0.214375, 0.133333, 1, 0.093126, 0.671875, -0.213125, 0.1667, 1, 0.088125, 0.671875, -0.213125)
tracks/1/type = "position_3d"
tracks/1/imported = true
tracks/1/enabled = true
tracks/1/path = NodePath("Node2/spearow/body/torso/neck2/head_ai/head15/eye_left/eyelid_left2")
tracks/1/interp = 1
tracks/1/loop_wrap = true
tracks/1/keys = PackedFloat32Array(0, 1, -0.100625, 0.609375, -0.225625, 0.1, 1, -0.100625, 0.609375, -0.220625, 0.133333, 1, -0.099376, 0.609375, -0.219375, 0.1667, 1, -0.094375, 0.609375, -0.219375)
tracks/2/type = "position_3d"
tracks/2/imported = true
tracks/2/enabled = true
tracks/2/path = NodePath("Node2/spearow/body/torso/wing_right")
tracks/2/interp = 1
tracks/2/loop_wrap = true
tracks/2/keys = PackedFloat32Array(0, 1, 0.15625, 0.03125, -0.09375)
tracks/3/type = "rotation_3d"
tracks/3/imported = true
tracks/3/enabled = true
tracks/3/path = NodePath("Node2/spearow/body/torso/wing_right")
tracks/3/interp = 1
tracks/3/loop_wrap = true
tracks/3/keys = PackedFloat32Array(0, 1, 0, 0, 0, 1)
tracks/4/type = "position_3d"
tracks/4/imported = true
tracks/4/enabled = true
tracks/4/path = NodePath("Node2/spearow/body/torso/wing_left")
tracks/4/interp = 1
tracks/4/loop_wrap = true
tracks/4/keys = PackedFloat32Array(0, 1, -0.15625, 0.03125, -0.09375)
tracks/5/type = "rotation_3d"
tracks/5/imported = true
tracks/5/enabled = true
tracks/5/path = NodePath("Node2/spearow/body/torso/wing_left")
tracks/5/interp = 1
tracks/5/loop_wrap = true
tracks/5/keys = PackedFloat32Array(0, 1, 0, 0, 0, 1)
tracks/6/type = "rotation_3d"
tracks/6/imported = true
tracks/6/enabled = true
tracks/6/path = NodePath("Node2/spearow/body/torso/neck2")
tracks/6/interp = 1
tracks/6/loop_wrap = true
tracks/6/keys = PackedFloat32Array(0, 1, -0.279829, 0, 0, 0.96005)
tracks/7/type = "rotation_3d"
tracks/7/imported = true
tracks/7/enabled = true
tracks/7/path = NodePath("Node2/spearow/body/torso/neck2/head_ai/head15")
tracks/7/interp = 1
tracks/7/loop_wrap = true
tracks/7/keys = PackedFloat32Array(0, 1, 0.152123, 0, 0, 0.988362)
tracks/8/type = "rotation_3d"
tracks/8/imported = true
tracks/8/enabled = true
tracks/8/path = NodePath("Node2/spearow/body/torso/neck2/head_ai/head15/jaw2")
tracks/8/interp = 1
tracks/8/loop_wrap = true
tracks/8/keys = PackedFloat32Array(0, 1, 0.0436194, 0, 0, 0.999048)
tracks/9/type = "rotation_3d"
tracks/9/imported = true
tracks/9/enabled = true
tracks/9/path = NodePath("Node2/spearow/body/torso/wing_right/wing_right22")
tracks/9/interp = 1
tracks/9/loop_wrap = true
tracks/9/keys = PackedFloat32Array(0, 1, 0, 0, 0, 1)
tracks/10/type = "rotation_3d"
tracks/10/imported = true
tracks/10/enabled = true
tracks/10/path = NodePath("Node2/spearow/body/torso/wing_right/wing_right22/wing_right32")
tracks/10/interp = 1
tracks/10/loop_wrap = true
tracks/10/keys = PackedFloat32Array(0, 1, 0, 0, 0, 1)
tracks/11/type = "rotation_3d"
tracks/11/imported = true
tracks/11/enabled = true
tracks/11/path = NodePath("Node2/spearow/body/torso/wing_left/wing_left22")
tracks/11/interp = 1
tracks/11/loop_wrap = true
tracks/11/keys = PackedFloat32Array(0, 1, 0, 0, 0, 1)
tracks/12/type = "rotation_3d"
tracks/12/imported = true
tracks/12/enabled = true
tracks/12/path = NodePath("Node2/spearow/body/torso/wing_left/wing_left22/wing_left32")
tracks/12/interp = 1
tracks/12/loop_wrap = true
tracks/12/keys = PackedFloat32Array(0, 1, 0, 0, 0, 1)
tracks/13/type = "rotation_3d"
tracks/13/imported = true
tracks/13/enabled = true
tracks/13/path = NodePath("Node2/spearow/body/leg_right/leg_right22/foot_right2/toe_inner_right2")
tracks/13/interp = 1
tracks/13/loop_wrap = true
tracks/13/keys = PackedFloat32Array(0, 1, 0, 0, 0, 1)
tracks/14/type = "rotation_3d"
tracks/14/imported = true
tracks/14/enabled = true
tracks/14/path = NodePath("Node2/spearow/body/leg_right/leg_right22/foot_right2/toe_outer_right2")
tracks/14/interp = 1
tracks/14/loop_wrap = true
tracks/14/keys = PackedFloat32Array(0, 1, 0, 0, 0, 1)
tracks/15/type = "rotation_3d"
tracks/15/imported = true
tracks/15/enabled = true
tracks/15/path = NodePath("Node2/spearow/body/torso/tail4")
tracks/15/interp = 1
tracks/15/loop_wrap = true
tracks/15/keys = PackedFloat32Array(0, 1, 0, 0, 0, 1)

[sub_resource type="Animation" id="Animation_0sm4e"]
resource_name = "animation_spearow_ground_idle"
length = 0.001
loop_mode = 1
tracks/0/type = "position_3d"
tracks/0/imported = true
tracks/0/enabled = true
tracks/0/path = NodePath("Node2/spearow/body/torso/wing_right")
tracks/0/interp = 1
tracks/0/loop_wrap = true
tracks/0/keys = PackedFloat32Array(0, 1, 0.15625, 0, -0.15625)
tracks/1/type = "rotation_3d"
tracks/1/imported = true
tracks/1/enabled = true
tracks/1/path = NodePath("Node2/spearow/body/torso/wing_right")
tracks/1/interp = 1
tracks/1/loop_wrap = true
tracks/1/keys = PackedFloat32Array(0, 1, -0.510789, -0.488974, -0.488974, 0.510789)
tracks/2/type = "rotation_3d"
tracks/2/imported = true
tracks/2/enabled = true
tracks/2/path = NodePath("Node2/spearow/body/torso/wing_right/wing_right22")
tracks/2/interp = 1
tracks/2/loop_wrap = true
tracks/2/keys = PackedFloat32Array(0, 1, 0, 0.382683, 0, 0.92388)
tracks/3/type = "rotation_3d"
tracks/3/imported = true
tracks/3/enabled = true
tracks/3/path = NodePath("Node2/spearow/body/torso/wing_right/wing_right22/wing_right32")
tracks/3/interp = 1
tracks/3/loop_wrap = true
tracks/3/keys = PackedFloat32Array(0, 1, 0, -0.382683, 0, 0.92388)
tracks/4/type = "position_3d"
tracks/4/imported = true
tracks/4/enabled = true
tracks/4/path = NodePath("Node2/spearow/body/torso/wing_left")
tracks/4/interp = 1
tracks/4/loop_wrap = true
tracks/4/keys = PackedFloat32Array(0, 1, -0.15625, 0, -0.15625)
tracks/5/type = "rotation_3d"
tracks/5/imported = true
tracks/5/enabled = true
tracks/5/path = NodePath("Node2/spearow/body/torso/wing_left")
tracks/5/interp = 1
tracks/5/loop_wrap = true
tracks/5/keys = PackedFloat32Array(0, 1, -0.510789, 0.488974, 0.488974, 0.510789)
tracks/6/type = "rotation_3d"
tracks/6/imported = true
tracks/6/enabled = true
tracks/6/path = NodePath("Node2/spearow/body/torso/wing_left/wing_left22")
tracks/6/interp = 1
tracks/6/loop_wrap = true
tracks/6/keys = PackedFloat32Array(0, 1, 0, -0.382683, 0, 0.92388)
tracks/7/type = "rotation_3d"
tracks/7/imported = true
tracks/7/enabled = true
tracks/7/path = NodePath("Node2/spearow/body/torso/wing_left/wing_left22/wing_left32")
tracks/7/interp = 1
tracks/7/loop_wrap = true
tracks/7/keys = PackedFloat32Array(0, 1, 0, 0.382683, 0, 0.92388)
tracks/8/type = "rotation_3d"
tracks/8/imported = true
tracks/8/enabled = true
tracks/8/path = NodePath("Node2/spearow/body/leg_right/leg_right22/foot_right2/toe_inner_right2")
tracks/8/interp = 1
tracks/8/loop_wrap = true
tracks/8/keys = PackedFloat32Array(0, 1, 0, 0.0436194, 0, 0.999048)
tracks/9/type = "rotation_3d"
tracks/9/imported = true
tracks/9/enabled = true
tracks/9/path = NodePath("Node2/spearow/body/leg_right/leg_right22/foot_right2/toe_outer_right2")
tracks/9/interp = 1
tracks/9/loop_wrap = true
tracks/9/keys = PackedFloat32Array(0, 1, 0, -0.0436194, 0, 0.999048)
tracks/10/type = "rotation_3d"
tracks/10/imported = true
tracks/10/enabled = true
tracks/10/path = NodePath("Node2/spearow/body/torso/tail4")
tracks/10/interp = 1
tracks/10/loop_wrap = true
tracks/10/keys = PackedFloat32Array(0, 1, -0.422618, 0, 0, 0.906308)
tracks/11/type = "position_3d"
tracks/11/imported = true
tracks/11/enabled = true
tracks/11/path = NodePath("Node2/spearow/body/torso/neck2/head_ai/head15/eye_right/eyelid_right2")
tracks/11/interp = 1
tracks/11/loop_wrap = true
tracks/11/keys = PackedFloat32Array(0, 1, 0.088125, 0.671875, -0.213125)
tracks/12/type = "position_3d"
tracks/12/imported = true
tracks/12/enabled = true
tracks/12/path = NodePath("Node2/spearow/body/torso/neck2/head_ai/head15/eye_left/eyelid_left2")
tracks/12/interp = 1
tracks/12/loop_wrap = true
tracks/12/keys = PackedFloat32Array(0, 1, -0.094375, 0.609375, -0.219375)
tracks/13/type = "rotation_3d"
tracks/13/imported = true
tracks/13/enabled = true
tracks/13/path = NodePath("Node2/spearow/body/torso/neck2")
tracks/13/interp = 1
tracks/13/loop_wrap = true
tracks/13/keys = PackedFloat32Array(0, 1, -0.279829, 0, 0, 0.96005)
tracks/14/type = "rotation_3d"
tracks/14/imported = true
tracks/14/enabled = true
tracks/14/path = NodePath("Node2/spearow/body/torso/neck2/head_ai/head15")
tracks/14/interp = 1
tracks/14/loop_wrap = true
tracks/14/keys = PackedFloat32Array(0, 1, 0.152123, 0, 0, 0.988362)
tracks/15/type = "rotation_3d"
tracks/15/imported = true
tracks/15/enabled = true
tracks/15/path = NodePath("Node2/spearow/body/torso/neck2/head_ai/head15/jaw2")
tracks/15/interp = 1
tracks/15/loop_wrap = true
tracks/15/keys = PackedFloat32Array(0, 1, 0.0436194, 0, 0, 0.999048)

[sub_resource type="AnimationLibrary" id="AnimationLibrary_17q0w"]
_data = {
"animation_spearow_blink": SubResource("Animation_y6ghr"),
"animation_spearow_ground_idle": SubResource("Animation_0sm4e")
}

[node name="spearow" instance=ExtResource("1_22d6x")]

[node name="neck2" parent="Node2/spearow/body/torso" index="2"]
transform = Transform3D(1, 0, 0, 0, 0.843391, 0.537299, 0, -0.537299, 0.843391, 0, 0, -0.078125)

[node name="head15" parent="Node2/spearow/body/torso/neck2/head_ai" index="1"]
transform = Transform3D(1, 0, 0, 0, 0.953717, -0.300705, 0, 0.300705, 0.953717, 0, 0.21875, 0)

[node name="jaw2" parent="Node2/spearow/body/torso/neck2/head_ai/head15" index="11"]
transform = Transform3D(1, 0, 0, 0, 0.996195, -0.0871558, 0, 0.0871558, 0.996195, 0, -0.046875, -0.125)

[node name="wing_right" parent="Node2/spearow/body/torso" index="3"]
transform = Transform3D(0.0436194, 0.999048, 4.36698e-08, 0, -4.37114e-08, 1, 0.999048, -0.0436194, -1.90667e-09, 0.15625, 0, -0.15625)

[node name="wing_right22" parent="Node2/spearow/body/torso/wing_right" index="1"]
transform = Transform3D(0.707108, 0, 0.707106, 0, 1, 0, -0.707106, 0, 0.707108, 0.1875, 0, 0.1875)

[node name="wing_right32" parent="Node2/spearow/body/torso/wing_right/wing_right22" index="1"]
transform = Transform3D(0.707108, 0, -0.707106, 0, 1, 0, 0.707106, 0, 0.707108, 0.25, 0, -0.3125)

[node name="wing_left" parent="Node2/spearow/body/torso" index="4"]
transform = Transform3D(0.0436194, -0.999048, -4.36698e-08, 0, -4.37114e-08, 1, -0.999048, -0.0436194, -1.90667e-09, -0.15625, 0, -0.15625)

[node name="wing_left22" parent="Node2/spearow/body/torso/wing_left" index="1"]
transform = Transform3D(0.707108, 0, -0.707106, 0, 1, 0, 0.707106, 0, 0.707108, -0.1875, 0, 0.1875)

[node name="wing_left32" parent="Node2/spearow/body/torso/wing_left/wing_left22" index="1"]
transform = Transform3D(0.707108, 0, 0.707106, 0, 1, 0, -0.707106, 0, 0.707108, -0.25, 0, -0.3125)

[node name="tail4" parent="Node2/spearow/body/torso" index="5"]
transform = Transform3D(1, 0, 0, 0, 0.642788, 0.766044, 0, -0.766044, 0.642788, 0, 0, 0.3125)

[node name="toe_inner_right2" parent="Node2/spearow/body/leg_right/leg_right22/foot_right2" index="2"]
transform = Transform3D(0.996195, 0, 0.0871558, 0, 1, 0, -0.0871558, 0, 0.996195, -0.046875, 0, -0.046875)

[node name="toe_outer_right2" parent="Node2/spearow/body/leg_right/leg_right22/foot_right2" index="3"]
transform = Transform3D(0.996195, 0, -0.0871558, 0, 1, 0, 0.0871558, 0, 0.996195, 0.046875, 0, -0.046875)

[node name="AnimationPlayer" parent="." index="1"]
libraries = {
"": SubResource("AnimationLibrary_17q0w")
}
