[gd_scene load_steps=4 format=3 uid="uid://bpsj06u30jlxj"]

[ext_resource type="PackedScene" uid="uid://dyrvcq66cprww" path="res://assets/pokemon/gltf/weepinbell.gltf" id="1_v5u0d"]

[sub_resource type="Animation" id="Animation_a2elm"]
resource_name = "animation_weepinbell_ground_idle"
length = 0.001
loop_mode = 1
tracks/0/type = "rotation_3d"
tracks/0/imported = true
tracks/0/enabled = true
tracks/0/path = NodePath("Node2/weepinbell/body/torso2/stem12")
tracks/0/interp = 1
tracks/0/loop_wrap = true
tracks/0/keys = PackedFloat32Array(0, 1, 0.152123, 0, 0, 0.988362)
tracks/1/type = "rotation_3d"
tracks/1/imported = true
tracks/1/enabled = true
tracks/1/path = NodePath("Node2/weepinbell/body/torso2/stem12/stem22")
tracks/1/interp = 1
tracks/1/loop_wrap = true
tracks/1/keys = PackedFloat32Array(0, 1, 0.258819, 0, 0, 0.965926)
tracks/2/type = "rotation_3d"
tracks/2/imported = true
tracks/2/enabled = true
tracks/2/path = NodePath("Node2/weepinbell/body/torso2/stem12/stem22/stem32")
tracks/2/interp = 1
tracks/2/loop_wrap = true
tracks/2/keys = PackedFloat32Array(0, 1, 0.55557, 0, 0, 0.83147)
tracks/3/type = "rotation_3d"
tracks/3/imported = true
tracks/3/enabled = true
tracks/3/path = NodePath("Node2/weepinbell/body/torso2/leaf_right12")
tracks/3/interp = 1
tracks/3/loop_wrap = true
tracks/3/keys = PackedFloat32Array(0, 1, 0.191342, 0.191342, 0.0380602, 0.96194)
tracks/4/type = "rotation_3d"
tracks/4/imported = true
tracks/4/enabled = true
tracks/4/path = NodePath("Node2/weepinbell/body/torso2/leaf_right12/leaf_right22")
tracks/4/interp = 1
tracks/4/loop_wrap = true
tracks/4/keys = PackedFloat32Array(0, 1, 0, -0.19509, 0, 0.980785)
tracks/5/type = "rotation_3d"
tracks/5/imported = true
tracks/5/enabled = true
tracks/5/path = NodePath("Node2/weepinbell/body/torso2/leaf_right12/leaf_right22/leaf_right32")
tracks/5/interp = 1
tracks/5/loop_wrap = true
tracks/5/keys = PackedFloat32Array(0, 1, 0, -0.19509, 0, 0.980785)
tracks/6/type = "rotation_3d"
tracks/6/imported = true
tracks/6/enabled = true
tracks/6/path = NodePath("Node2/weepinbell/body/torso2/leaf_left12")
tracks/6/interp = 1
tracks/6/loop_wrap = true
tracks/6/keys = PackedFloat32Array(0, 1, 0.191342, -0.191342, -0.0380602, 0.96194)
tracks/7/type = "rotation_3d"
tracks/7/imported = true
tracks/7/enabled = true
tracks/7/path = NodePath("Node2/weepinbell/body/torso2/leaf_left12/leaf_left22")
tracks/7/interp = 1
tracks/7/loop_wrap = true
tracks/7/keys = PackedFloat32Array(0, 1, 0, 0.19509, 0, 0.980785)
tracks/8/type = "rotation_3d"
tracks/8/imported = true
tracks/8/enabled = true
tracks/8/path = NodePath("Node2/weepinbell/body/torso2/leaf_left12/leaf_left22/leaf_left32")
tracks/8/interp = 1
tracks/8/loop_wrap = true
tracks/8/keys = PackedFloat32Array(0, 1, 0, 0.19509, 0, 0.980785)

[sub_resource type="AnimationLibrary" id="AnimationLibrary_byaqt"]
_data = {
"animation_weepinbell_ground_idle": SubResource("Animation_a2elm")
}

[node name="weepinbell" instance=ExtResource("1_v5u0d")]

[node name="stem12" parent="Node2/weepinbell/body/torso2" index="3"]
transform = Transform3D(1, 0, 0, 0, 0.953717, -0.300705, 0, 0.300705, 0.953717, 0, 0.5625, -0.21875)

[node name="stem22" parent="Node2/weepinbell/body/torso2/stem12" index="1"]
transform = Transform3D(1, 0, 0, 0, 0.866025, -0.5, 0, 0.5, 0.866025, 0, 0.09375, -0.03125)

[node name="stem32" parent="Node2/weepinbell/body/torso2/stem12/stem22" index="1"]
transform = Transform3D(1, 0, 0, 0, 0.382684, -0.92388, 0, 0.92388, 0.382684, 0, 0.125, 0)

[node name="leaf_right12" parent="Node2/weepinbell/body/torso2" index="4"]
transform = Transform3D(0.92388, 2.68221e-07, 0.382684, 0.146447, 0.92388, -0.353554, -0.353554, 0.382684, 0.853553, 0.21875, 0, -0.15625)

[node name="leaf_right22" parent="Node2/weepinbell/body/torso2/leaf_right12" index="1"]
transform = Transform3D(0.92388, 0, -0.382683, 0, 1, 0, 0.382683, 0, 0.92388, 0.25, 0.21875, 0)

[node name="leaf_right32" parent="Node2/weepinbell/body/torso2/leaf_right12/leaf_right22" index="1"]
transform = Transform3D(0.92388, 0, -0.382683, 0, 1, 0, 0.382683, 0, 0.92388, 0.1875, 0, 0)

[node name="leaf_left12" parent="Node2/weepinbell/body/torso2" index="5"]
transform = Transform3D(0.92388, -2.68221e-07, -0.382684, -0.146447, 0.92388, -0.353554, 0.353554, 0.382684, 0.853553, -0.21875, 0, -0.15625)

[node name="leaf_left22" parent="Node2/weepinbell/body/torso2/leaf_left12" index="1"]
transform = Transform3D(0.92388, 0, 0.382683, 0, 1, 0, -0.382683, 0, 0.92388, -0.25, 0.21875, 0)

[node name="leaf_left32" parent="Node2/weepinbell/body/torso2/leaf_left12/leaf_left22" index="1"]
transform = Transform3D(0.92388, 0, 0.382683, 0, 1, 0, -0.382683, 0, 0.92388, -0.1875, 0, 0)

[node name="AnimationPlayer" parent="." index="1"]
libraries = {
"": SubResource("AnimationLibrary_byaqt")
}
